000000
00011.1
00021.2
00031.3
00041.4
00051.5
00061.6
00071.7
00081.8
00091.9
00101.10
00111.11
00121.12
00131.13
00141.14
00151.15
00161.16
00171.17
00181.18
00191.19
00201.20
00211.21
00221.22
00231.23
00241.24
00251.25
00261.26
00271.27
00281.28
00291.29
00301.30
00311.31
00321.32
00331.33
00341.34
00351.35
00361.36
00371.37
00381.38
00391.39
00401.40
00411.41
00421.42
00431.43
00441.44
00451.45
00461.46
00471.47
00481.48
00491.49
00501.50
00511.51
00521.52
00531.53
00541.54
00551.55
00561.56
00571.57
00581.58
00591.59
00601.60
00611.61
00621.62
00631.63
00641.64
00651.65
00661.66
00671.67
00681.68
00691.69
00701.70
00711.71
00721.72
00731.73
00741.74
00751.75
00761.76
00771.77
00781.78
00791.79
00801.80
00811.81
00821.82
00831.83
00841.84
00851.85
00861.86
00871.87
00881.88
00891.89
00901.90
00911.91
00921.92
00931.93
00941.94
00951.95
00961.96
00971.97
00981.98
00991.99
01001.100
01011.101
01021.102
01021.103
01021.104
01021.105
01021.106
01021.107
01021.108
01021.109
01031.110
01041.111
01051.112
01061.113
01071.114
01081.115
01091.116
01101.117
01111.118
01111.119
01111.120
01111.121
01111.122
01111.123
01111.124
01111.125
01111.126
01111.127
01111.128
01121.129
01131.130
01141.131
01151.132
01151.133
01151.134
01151.135
01151.136
01151.137
01151.138
01151.139
01161.140
01171.141
01181.142
01181.143
01181.144
01181.145
01181.146
01181.147
01181.148
01181.149
01191.150
01201.151
01211.152
01211.153
01211.154
01211.155
01211.156
01211.157
01211.158
01211.159
01221.160
01231.161
01241.162
01241.163
01241.164
01241.165
01241.166
01241.167
01241.168
01241.169
01251.170
01261.171
01271.172
01281.173
01291.174
01301.175
01301.176
01301.177
01301.178
01301.179
01301.180
01301.181
01301.182
01301.183
01301.184
01301.185
01301.186
01311.187
01321.188
01321.189
01321.190
01321.191
01321.192
01321.193
01321.194
01321.195
01321.196
01321.197
01331.198
01331.199
01331.200
01331.201
01331.202
01331.203
01331.204
01331.205
01331.206
01331.207
01331.208
01341.209
01341.210
01341.211
01341.212
01341.213
01341.214
01341.215
01341.216
01341.217
01341.218
01351.219
01351.220
01351.221
01351.222
01351.223
01351.234
01361.235
01361.236
01361.237
01361.238
01361.239
01361.240
01361.241
01361.242
01361.243
01361.244
01361.245
01361.246
01361.247
01371.248
01371.249
01371.250
01371.251
01371.252
01371.253
01371.254
01371.255
01371.256
01371.257
01381.258
01381.259
01381.260
01381.261
01381.262
01381.263
01381.264
01381.265
01381.266
01381.267
01391.268
01401.269
01411.270
01421.271
01431.272
01441.273
01451.274
01461.275
01471.276
01481.277
01491.278
01501.279
01511.280
01521.281
01521.282
01521.283
01531.284
01541.285
01541.286
01551.287
01561.288
01561.289
01571.290
01581.291
01581.292
01591.293
01601.294
01601.295
01611.296
01621.297
01631.298
01641.299
01651.300
01661.301
01671.302
01681.303
01691.304
01701.305
01711.306
01721.307
01731.308
01741.309
01751.310
01761.311
01771.312
01781.313
01791.314
01801.315
01811.316
01821.317
01831.318
01841.319
01851.320
01861.321
01871.322
01881.323
01891.324
01901.325
01911.326
01921.327
01931.328
01941.329
01951.330
01961.331
01971.332
01981.333
01991.334
02001.335
02011.336
02011.337
02011.338
02021.339
02021.340
02021.341
02031.342
02031.343
02031.344
02041.345
02041.346
02041.347
02051.348
02051.349
02051.350
02061.351
02061.352
02061.353
02071.354
02071.355
02071.356
02081.357
02081.358
02081.359
02091.360
02091.361
02091.362
02101.363
02101.364
02101.365
02111.366
02111.367
02111.368
02111.369
02111.370
02111.371
02111.372
02111.373
02111.374
02111.375
02111.376
02111.377
02111.378
02111.379
02111.380
02111.381
02121.382
02121.383
02121.384
02121.385
02121.386
02121.387
02121.388
02121.389
02121.390
02121.391
02121.392
02121.393
02131.394
02131.395
02131.396
02131.397
02141.398
02141.399
02141.400
02141.401
02141.402
02141.403
02141.404
02141.405
02141.406
02141.407
02141.408
02141.409
02141.410
02141.411
02141.412
02141.413
02141.414
02141.415
02141.416
02141.417
02141.418
02141.419
02141.420
02141.421
02141.422
02141.423
02141.424
02141.425
02141.426
02151.427
02151.428
02151.429
02151.430
02151.431
02151.432
02151.433
02151.434
02161.435
02161.436
02161.437
02161.438
02161.439
02161.440
02161.441
02161.442
02171.443
02171.444
02171.445
02171.446
02171.447
02171.448
02171.449
02171.450
02171.451
02171.452
02171.453
02171.454
02171.455
02171.456
02171.457
02171.458
02171.459
02171.460
02171.461
02171.462
02171.463
02171.464
02171.465
02171.466
02171.467
02171.468
02171.469
02171.470
02171.471
02171.472
02171.473
02171.474
02171.475
02171.476
02171.477
02171.478
02171.479
02171.480
02171.481
02171.482
02171.483
02171.484
02171.485
02171.486
02171.487
02171.488
02171.489
02171.490
02171.491
02171.492
02171.493
02171.494
02171.495
02171.496
02171.497
02171.498
02171.499
02171.500
02171.501
02171.502
02171.503
02171.504
02171.505
02171.506
02171.507
02171.508
02171.509
02171.510
02171.511
02171.512
02171.513
02171.514
02171.515
02171.516
02171.517
02171.518
02171.519
02171.520
02171.521
02171.522
02171.523
02171.524
02171.525
02171.526
02171.527
02171.528
02171.529
02171.530
02171.531
02171.532
02171.533
02171.534
02171.535
02171.536
02171.537
02171.538
02171.539
02171.540
02171.541
02171.542
02171.543
02171.544
02171.545
02171.546
02171.547
02171.548
02171.549
02171.550
02171.551
02171.552
02171.553
02171.554
02171.555
02171.556
02171.557
02171.558
02171.559
02171.560
02171.561
02171.562
02181.563
02191.564
02191.565
02191.566
02191.567
02191.568
02191.569
02191.570
02201.571
02211.572
02221.573
02231.574
02241.575
02241.576
02251.577
02251.578
02251.579
02261.580
02261.581
02261.582
02261.583
02271.584
02271.585
02271.586
02271.587
02271.588
02271.589
02271.590
02271.591
02271.592
02271.593
02271.594
02271.595
02271.596
02271.597
02271.598
02271.599
02281.600
02281.601
02281.602
02281.603
02281.604
02281.605
02281.606
02281.607
02281.608
02281.609
02281.610
02281.611
02292.1
02302.2
02312.3
02322.4
02332.5
02342.6
02352.7
02362.8
02372.9
02382.10
02392.11
02402.12
02412.13
02422.14
02432.15
02442.16
02452.17
02462.18
02472.19
02482.20
02492.21
02502.22
02512.23
02522.24
02532.25
02542.26
02552.27
02562.28
02572.29
02582.30
02592.31
02602.32
02612.33
02622.34
02632.35
02642.36
02652.37
02662.38
02672.39
02682.40
02692.41
02702.42
02712.43
02722.44
02732.45
02742.46
02752.47
02762.48
02772.49
02782.50
02792.51
02802.52
02812.53
02822.54
02832.55
02842.56
02852.57
02862.58
02872.59
02882.60
02892.61
02902.62
02912.63
02922.64
02932.65
02942.66
02952.67
02962.68
02972.69
02982.70
02992.71
03002.72
03012.73
03022.74
03032.75
03042.76
03052.77
03062.78
03072.79
03082.80
03092.81
03102.82
03112.83
03122.84
03132.85
03142.86
03152.87
03162.88
03172.89
03182.90
03192.91
03202.92
03212.93
03222.94
03232.95
03242.96
03252.97
03262.98
03272.99
03282.100
03292.101
03302.102
03312.103
03322.104
03332.105
03342.106
03352.107
03362.108
03372.109
03382.110
03392.111
03402.112
03412.113
03422.114
03432.115
03442.116
03452.117
03462.118
03472.119
03482.120
03492.121
03502.122
03512.123
03522.124
03532.125
03542.126
03552.127
03562.128
03572.129
03582.130
03592.131
03602.132
03612.133
03622.134
03632.135
03642.136
03652.137
03662.138
03672.139
03682.140
03692.141
03702.142
03712.143
03722.144
03732.145
03742.146
03752.147
03762.148
03772.149
03782.150
03792.151
03802.152
03812.153
03822.154
03832.155
03842.156
03852.157
03862.158
03872.159
03882.160
03892.161
03902.162
03912.163
03922.164
03932.165
03942.166
03952.167
03962.168
03972.169
03982.170
03992.171
04002.172
04012.173
04022.174
04032.175
04042.176
04052.177
04062.178
04072.179
04082.180
04092.181
04102.182
04112.183
04122.184
04132.185
04142.186
04152.187
04162.188
04172.189
04182.190
04192.191
04192.192
04192.193
04192.194
04192.195
04192.196
04192.197
04192.198
04192.199
04192.200
04202.201
04212.202
04212.203
04212.204
04212.205
04212.206
04212.207
04212.208
04212.209
04212.210
04212.211
04212.212
04212.213
04212.214
04212.215
04212.216
04212.217
04212.218
04212.219
04212.220
04212.221
04212.222
04212.223
04212.224
04212.225
04212.226
04212.227
04212.228
04212.229
04212.230
04222.231
04232.232
04232.233
04232.234
04232.235
04232.236
04232.237
04232.238
04232.239
04232.240
04232.241
04232.242
04232.243
04232.244
04232.245
04232.246
04243.1
04253.2
04263.3
04273.4
04283.5
04293.6
04303.7
04313.8
04323.9
04333.10
04343.11
04353.12
04363.13
04373.14
04383.15
04393.16
04403.17
04413.18
04423.19
04433.20
04443.21
04453.22
04463.23
04473.24
04483.25
04493.26
04503.27
04513.28
04523.29
04533.30
04543.31
04553.32
04563.33
04573.34
04583.35
04593.36
04603.37
04613.38
04623.39
04633.40
04643.41
04653.42
04663.43
04673.44
04683.45
04693.46
04703.47
04713.48
04723.49
04733.50
04743.51
04753.52
04763.53
04773.54
04783.55
04793.56
04803.57
04813.58
04823.59
04833.60
04843.61
04853.62
04863.63
04873.64
04883.65
04893.66
04903.67
04913.68
04923.69
04933.70
04943.71
04953.72
04963.73
04973.74
04983.75
04993.76
05003.77
05013.78
05023.79
05033.80
05043.81
05053.82
05063.83
05073.84
05083.85
05093.86
05103.87
05113.88
05123.89
05133.90
05143.91
05153.92
05163.93
05173.94
05183.95
05193.96
05203.97
05213.98
05223.99
05233.100
05243.101
05253.102
05263.103
05273.104
05283.105
05293.106
05303.107
05313.108
05323.109
05333.110
05343.111
05353.112
05363.113
05373.114
05383.115
05393.116
05403.117
05413.118
05423.119
05433.120
05443.121
05453.122
05463.123
05473.124
05483.125
05493.126
05503.127
05513.128
05523.129
05533.130
05543.131
05553.132
05563.133
05573.134
05583.135
05593.136
05603.137
05613.138
05623.139
05633.140
05643.141
05653.142
05663.143
05673.144
05683.145
05693.146
05703.147
05713.148
05723.149
05733.150
05743.151
05753.152
05763.153
05773.154
05783.155
05793.156
05803.157
05803.158
05803.159
05803.160
05803.161
05803.162
05803.163
05813.164
05813.165
05813.166
05813.167
05813.168
05813.169
05813.170
05813.171
05813.172
05813.173
05813.174
05813.175
05813.176
05813.177
05813.178
05813.179
05813.180
05813.181
05813.182
05813.183
05823.184
05834.1
05844.2
05854.3
05864.4
05874.5
05884.6
05894.7
05904.8
05914.9
05924.10
05934.11
05944.12
05954.13
05964.14
05974.15
05984.16
05994.17
06004.18
06014.19
06024.20
06034.21
06044.22
06054.23
06064.24
06074.25
06084.26
06094.27
06104.28
06114.29
06124.30
06134.31
06144.32
06154.33
06164.34
06174.35
06184.36
06194.37
06204.38
06214.39
06224.40
06234.41
06244.42
06254.43
06264.44
06274.45
06284.46
06294.47
06304.48
06314.49
06324.50
06334.51
06344.52
06354.53
06364.54
06374.55
06384.56
06394.57
06404.58
06414.59
06424.60
06434.61
06444.62
06454.63
06464.64
06474.65
06484.66
06494.67
06504.68
06514.69
06524.70
06534.71
06544.72
06554.73
06564.74
06574.75
06584.76
06594.77
06604.78
06614.79
06624.80
06634.81
06644.82
06654.83
06664.84
06674.85
06684.86
06694.87
06704.88
06714.89
06724.90
06734.91
06744.92
06754.93
06764.94
06774.95
06784.96
06794.97
06804.98
06814.99
06824.100
06834.101
06844.102
06854.103
06864.104
06874.105
06884.106
06894.107
06904.108
06914.109
06924.110
06934.111
06944.112
06954.113
06964.114
06974.115
06984.116
06994.117
07004.118
07014.119
07024.120
07034.121
07044.122
07054.123
07064.124
07074.125
07084.126
07094.127
07104.128
07114.129
07124.130
07134.131
07144.132
07154.133
07164.134
07174.135
07184.136
07194.137
07204.138
07214.139
07224.140
07234.141
07244.142
07254.143
07264.144
07274.145
07284.146
07294.147
07304.148
07314.149
07324.150
07334.151
07344.152
07354.153
07364.154
07374.155
07384.156
07394.157
07404.158
07414.159
07424.160
07434.161
07444.162
07454.163
07464.164
07474.165
07484.166
07494.167
07504.168
07514.169
07524.170
07534.171
07544.172
07554.173
07564.174
07574.175
07584.176
07594.177
07604.178
07614.179
07624.180
07634.181
07644.182
07654.183
07664.184
07674.185
07684.186
07694.187
07704.188
07714.189
07724.190
07734.191
07744.192
07754.193
07764.194
07774.195
07784.196
07794.197
07804.198
07814.199
07824.200
07834.201
07844.202
07854.203
07864.204
07874.205
07884.206
07894.207
07904.208
07914.209
07924.210
07934.211
07944.212
07954.213
07964.214
07974.215
07984.216
07994.217
08004.218
08014.219
08024.220
08034.221
08044.222
08054.223
08064.224
08074.225
08084.226
08094.227
08104.228
08114.229
08124.230
08134.231
08144.232
08154.233
08164.234
08174.235
08184.236
08194.237
08204.238
08214.239
08224.240
08234.241
08244.242
08254.243
08264.244
08274.245
08284.246
08294.247
08304.248
08314.249
08324.250
08334.251
08344.252
08354.253
08364.254
08374.255
08384.256
08394.257
08404.258
08414.259
08424.260
08434.261
08444.262
08454.263
08464.264
08474.265
08484.266
08494.267
08504.268
08514.269
08524.270
08534.271
08544.272
08554.273
08564.274
08574.275
08584.276
08594.277
08594.278
08594.279
08594.280
08594.281
08594.282
08594.283
08594.284
08594.285
08594.286
08594.287
08594.288
08594.289
08594.290
08594.291
08594.292
08594.293
08594.294
08594.295
08594.296
08594.297
08594.298
08594.299
08594.300
08594.301
08594.302
08594.303
08604.304
08604.305
08604.306
08604.307
08604.308
08604.309
08615.1
08625.2
08635.3
08645.4
08655.5
08665.6
08675.7
08685.8
08695.9
08705.10
08715.11
08725.12
08735.13
08745.14
08755.15
08765.16
08775.17
08785.18
08795.19
08805.20
08815.21
08825.22
08835.23
08845.24
08855.25
08865.26
08875.27
08885.28
08895.29
08905.30
08915.31
08925.32
08935.33
08945.34
08955.35
08965.36
08975.37
08985.38
08995.39
09005.40
09015.41
09025.42
09035.43
09045.44
09055.45
09065.46
09075.47
09085.48
09095.49
09105.50
09115.51
09125.52
09135.53
09145.54
09155.55
09165.56
09175.57
09185.58
09195.59
09205.60
09215.61
09225.62
09235.63
09245.64
09255.65
09265.66
09275.67
09285.68
09295.69
09305.70
09315.71
09325.72
09335.73
09345.74
09355.75
09365.76
09375.77
09385.78
09395.79
09405.80
09415.81
09425.82
09435.83
09445.84
09455.85
09465.86
09475.87
09485.88
09495.89
09505.90
09515.91
09525.92
09535.93
09545.94
09555.95
09565.96
09575.97
09585.98
09595.99
09605.100
09615.101
09625.102
09635.103
09645.104
09655.105
09665.106
09675.107
09685.108
09695.109
09705.110
09715.111
09725.112
09735.113
09745.114
09755.115
09765.116
09775.117
09785.118
09795.119
09805.120
09815.121
09825.122
09835.123
09845.124
09855.125
09865.126
09875.127
09885.128
09895.129
09905.130
09915.131
09925.132
09935.133
09945.134
09955.135
09965.136
09975.137
09985.138
09995.139
10005.140
10015.141
10025.142
10035.143
10045.144
10055.145
10065.146
10075.147
10085.148
10095.149
10105.150
10115.151
10125.152
10135.153
10145.154
10155.155
10165.156
10175.157
10185.158
10195.159
10205.160
10215.161
10225.162
10235.163
10245.164
10255.165
10265.166
10275.167
10285.168
10295.169
10305.170
10315.171
10325.172
10335.173
10345.174
10355.175
10365.176
10375.177
10385.178
10395.179
10405.180
10415.181
10425.182
10435.183
10445.184
10455.185
10465.186
10475.187
10485.188
10495.189
10505.190
10515.191
10525.192
10535.193
10545.194
10555.195
10565.196
10575.197
10585.198
10595.199
10605.200
10615.201
10625.202
10635.203
10645.204
10655.205
10665.206
10675.207
10685.208
10695.209
10705.210
10715.211
10725.212
10735.213
10745.214
10755.215
10765.216
10775.217
10785.218
10795.219
10805.220
10815.221
10825.222
10835.223
10845.224
10855.225
10865.226
10875.227
10885.228
10895.229
10905.230
10915.231
10925.232
10935.233
10945.234
10955.235
10965.236
10975.237
10985.238
10995.239
11005.240
11015.241
11025.242
11035.243
11045.244
11055.245
11065.246
11075.247
11085.248
11095.249
11105.250
11115.251
11125.252
11135.253
11145.254
11155.255
11165.256
11175.257
11175.258
11175.259
11175.260
11175.261
11175.262
11175.263
11185.264
11195.265
11195.266
11195.267
11195.268
11195.269
11195.270
11195.271
11205.272
11215.273
11215.274
11215.275
11215.276
11215.277
11215.278
11215.279
11215.280
11215.281
11215.282
11215.283
11215.284
11215.285
11225.286
11235.287
11235.288
11235.289
11235.290
11235.291
11235.292
11245.293
11255.294
11255.295
11255.296
11255.297
11255.298
11255.299
11255.300
11255.301
11255.302
11265.303
11275.304
11285.305
11295.306
11305.307
11315.308
11315.309
11315.310
11315.311
11326.1
11336.2
11346.3
11356.4
11366.5
11376.6
11386.7
11396.8
11406.9
11416.10
11426.11
11436.12
11446.13
11456.14
11466.15
11476.16
11486.17
11496.18
11506.19
11516.20
11526.21
11536.22
11546.23
11556.24
11566.25
11576.26
11586.27
11596.28
11606.29
11616.30
11626.31
11636.32
11646.33
11656.34
11666.35
11676.36
11686.37
11696.38
11706.39
11716.40
11726.41
11736.42
11746.43
11756.44
11766.45
11776.46
11786.47
11796.48
11806.49
11816.50
11826.51
11836.52
11846.53
11856.54
11866.55
11876.56
11886.57
11896.58
11906.59
11916.60
11926.61
11936.62
11946.63
11956.64
11966.65
11976.66
11986.67
11996.68
12006.69
12016.70
12026.71
12036.72
12046.73
12056.74
12066.75
12076.76
12086.77
12096.78
12106.79
12116.80
12126.81
12136.82
12146.83
12156.84
12166.85
12176.86
12186.87
12196.88
12206.89
12216.90
12226.91
12236.92
12246.93
12256.94
12266.95
12276.96
12286.97
12296.98
12306.99
12316.100
12326.101
12336.102
12346.103
12356.104
12366.105
12376.106
12386.107
12396.108
12406.109
12416.110
12426.111
12436.112
12446.113
12456.114
12466.115
12476.116
12486.117
12496.118
12506.119
12516.120
12516.121
12516.122
12516.123
12516.124
12516.125
12516.126
12516.127
12516.128
12516.129
12516.130
12516.131
12516.132
12516.133
12516.134
12516.135
12516.136
12516.137
12516.138
12516.139
12526.140
12536.141
12546.142
12556.143
12556.144
12556.145
12556.146
12556.147
12556.148
12556.149
12556.150
12556.151
12556.152
12556.153
12556.154
12556.155
12556.156
12556.157
12556.158
12556.159
12556.160
12556.161
12556.162
12556.163
12556.164
12556.165
12556.166
12556.167
12556.168
12556.169
12566.170
12566.171
12566.172
12566.173
12566.174
12566.175
12566.176
12566.177
12566.178
12566.179
12577.1
12587.2
12597.3
12607.4
12617.5
12627.6
12637.7
12647.8
12657.9
12667.10
12677.11
12687.12
12697.13
12707.14
12717.15
12727.16
12737.17
12747.18
12757.19
12767.20
12777.21
12787.22
12797.23
12807.24
12817.25
12827.26
12837.27
12847.28
12857.29
12867.30
12877.31
12887.32
12897.33
12907.34
12917.35
12927.36
12937.37
12947.38
12957.39
12967.40
12977.41
12987.42
12997.43
13007.44
13017.45
13027.46
13037.47
13047.48
13057.49
13067.50
13077.51
13087.52
13097.53
13107.54
13117.55
13127.56
13137.57
13147.58
13157.59
13167.60
13177.61
13187.62
13197.63
13207.64
13217.65
13227.66
13237.67
13247.68
13257.69
13267.70
13277.71
13287.72
13297.73
13307.74
13317.75
13327.76
13337.77
13347.78
13357.79
13367.80
13377.81
13387.82
13397.83
13407.84
13417.85
13427.86
13437.87
13447.88
13457.89
13467.90
13477.91
13487.92
13497.93
13507.94
13517.95
13527.96
13527.97
13527.98
13527.99
13527.100
13527.600
13527.601
13527.602
13527.603
13527.604
13527.605
13527.606
13527.607
13527.608
13527.609
13527.610
13527.611
13527.612
13527.613
13527.614
13527.615
13527.616
13527.617
13527.618
13527.619
13527.620
13527.621
13527.622
13537.623
13547.624
13557.625
13567.626
13567.627
13567.628
13567.629
13567.630
13567.631
13567.632
13567.633
13567.634
13567.635
13567.636
13567.637
13567.638
13567.639
13567.640
13567.641
13567.642
13567.643
13567.644
13567.645
13567.646
13567.647
13567.648
13567.649
13567.650
13567.651
13567.652
13577.653
13577.654
13577.655
13577.656
13577.657
13577.658
13577.659
13577.660
13588.1
13598.2
13608.3
13618.4
13628.5
13638.6
13648.7
13658.8
13668.9
13678.10
13688.11
13698.12
13708.13
13718.14
13728.15
13738.16
13748.17
13758.18
13768.19
13778.20
13788.21
13798.22
13808.23
13818.24
13828.25
13838.26
13848.27
13858.28
13868.29
13878.30
13888.31
13898.32
13908.33
13918.34
13928.35
13938.36
13948.37
13958.38
13968.39
13978.40
13988.41
13998.42
14008.43
14018.44
14028.45
14038.46
14048.47
14058.48
14068.49
14078.50
14088.51
14098.52
14108.53
14118.54
14128.55
14138.56
14148.57
14158.58
14168.59
14178.60
14188.61
14198.62
14208.63
14218.64
14228.65
14238.66
14248.67
14258.68
14268.69
14278.70
14288.71
14298.72
14308.73
14318.74
14328.75
14338.76
14348.77
14358.78
14368.79
14378.80
14388.81
14398.82
14408.83
14418.84
14428.85
14438.86
14448.87
14458.88
14468.89
14478.90
14488.91
14488.92
14488.93
14488.94
14488.95
14488.96
14488.97
14488.98
14488.99
14488.100
14488.101
14488.102
14488.103
14488.104
14488.105
14488.106
14488.107
14488.108
14488.109
14488.110
14488.111
14488.112
14488.113
14488.114
14488.115
14488.116
14498.117
14508.118
14518.119
14528.120
14528.121
14528.122
14528.123
14528.124
14528.125
14528.126
14528.127
14528.128
14528.129
14528.130
14528.131
14528.132
14528.133
14528.134
14528.135
14528.136
14528.137
14528.138
14528.139
14528.140
14528.141
14528.142
14528.143
14528.144
14528.145
14528.146
14538.147
14538.148
14538.149
14538.150
14549.1
14559.2
14569.3
14579.4
14589.5
14599.6
14609.7
14619.8
14629.9
14639.10
14649.11
14659.12
14669.13
14679.14
14689.15
14699.16
14709.17
14719.18
14729.19
14739.20
14749.21
14759.22
14769.23
14779.24
14789.25
14799.26
14809.27
14819.28
14829.29
14839.30
14849.31
14859.32
14869.33
14879.34
14889.35
14899.36
14909.37
14919.38
14929.39
14939.40
14949.41
14959.42
14969.43
14979.44
14989.45
14999.46
15009.47
15019.48
15029.49
15039.50
15049.51
15059.52
15069.53
15079.54
15089.55
15099.56
15109.57
15119.58
15129.59
15139.60
15149.61
15159.62
15169.63
15179.64
15189.65
15199.66
15209.67
15219.68
15229.69
15239.70
15249.71
15259.72
15269.73
15279.74
15279.75
15279.76
15279.77
15279.78
15279.79
15279.80
15279.81
15279.82
15289.83
15299.84
15299.85
15299.86
15299.87
15299.88
15299.89
15299.90
15299.91
15299.92
15309.93
15319.94
15329.95
15329.96
15329.97
15329.98
15329.99
15329.100
153310.1
153410.2
153510.3
153610.4
153710.5
153810.6
153910.7
154010.8
154110.9
154210.10
154310.11
154410.12
154510.13
154610.14
154710.15
154810.16
154910.17
155010.18
155110.19
155210.20
155310.21
155410.22
155510.23
155610.24
155710.25
155810.26
155910.27
156010.28
156110.29
156210.30
156310.31
156410.32
156510.33
156610.34
156710.35
156810.36
156910.37
157010.38
157110.39
157210.40
157310.41
157410.42
157510.43
157610.44
157710.45
157810.46
157910.47
158010.48
158110.49
158210.50
158310.51
158410.52
158510.53
158610.54
158710.55
158810.56
158910.57
159010.58
159110.59
159210.60
159310.61
159410.62
159510.63
159610.64
159710.65
159810.66
159910.67
160010.68
160110.69
160210.70
160310.71
160410.72
160510.73
160610.74
160710.75
160810.76
160910.77
161010.78
161110.79
161210.80
161310.81
161410.82
161510.83
161610.84
161710.85
161810.86
161910.87
162010.88
162110.89
162210.90
162310.91
162410.92
162510.93
162610.94
162710.95
162810.96
162910.97
163010.98
163110.99
163210.100
163310.101
163410.102
163510.103
163610.104
163710.105
163810.106
163910.107
164010.108
164110.109
164210.110
164310.111
164410.112
164510.113
164610.114
164710.115
164810.116
164910.117
165010.118
165110.119
165210.120
165310.121
165410.122
165510.123
165610.124
165710.125
165810.126
165910.127
166010.128
166110.129
166210.130
166310.131
166410.132
166510.133
166610.134
166710.135
166810.136
166910.137
167010.138
167110.139
167210.140
167310.141
167410.142
167510.143
167610.144
167710.145
167810.146
167910.147
168010.148
168110.149
168210.150
168310.151
168410.152
168510.153
168610.154
168710.155
168810.156
168810.157
168810.158
168810.159
168810.160
168810.161
168810.162
168810.163
168810.164
168810.165
168810.166
168910.167
169010.168
169110.169
169210.170
169310.171
169410.172
169510.173
169610.174
169710.175
169810.176
169910.177
170010.178
170110.179
170210.180
170310.181
170410.182
170510.183
170610.184
170710.185
170810.186
170910.187
171010.188
171110.189
171210.190
171310.191
171410.192
171510.193
171610.194
171710.195
171810.196
171910.197
172010.198
172110.199
172210.200
172210.201
172210.202
172210.203
172210.204
172210.205
172210.206
172210.207
172210.208
172210.209
172210.210
172310.211
172410.212
172510.213
172610.214
172710.215
172810.216
172910.217
173010.218
173110.219
173210.220
173310.221
173410.222
173510.223
173610.224
173710.200
173710.201
173710.202
173710.225
173710.226
173710.227
173710.228
173710.229
173710.230
173710.231
173710.232
173710.233
173710.234
173710.235
173710.236
173810.237
173910.238
174010.239
174110.240
174110.241
174110.242
174110.243
174110.244
174110.245
174110.246
174110.247
174110.248
174110.249
174110.250
174211.1
174311.2
174411.3
174511.4
174611.5
174711.6
174811.7
174911.8
175011.9
175111.10
175211.11
175311.12
175411.13
175511.14
175611.15
175711.16
175811.17
175911.18
176011.19
176111.20
176211.21
176311.22
176311.23
176311.24
176311.25
176311.26
176311.27
176311.28
176311.29
176311.30
176311.500
176311.501
176411.502
176411.503
176411.504
176411.505
176411.506
176411.507
176411.508
176411.509
176411.510
