000000
00011.1
00011.1
00021.2
00031.3
00041.4
00051.5
00061.6
00071.7
00081.8
00091.9
00101.10
00111.11
00121.12
00131.13
00141.14
00151.15
00161.16
00171.17
00181.18
00191.19
00201.20
00211.21
00221.22
00231.23
00241.24
00251.25
00261.26
00271.27
00281.28
00291.29
00301.30
00311.31
00321.32
00331.33
00341.34
00351.35
00361.36
00371.37
00381.38
00391.39
00401.40
00411.41
00421.42
00431.43
00441.44
00451.45
00461.46
00471.47
00481.48
00491.49
00501.50
00511.51
00521.52
00531.53
00541.54
00551.55
00561.56
00571.57
00581.58
00591.59
00601.60
00611.61
00621.62
00631.63
00641.64
00651.65
00661.66
00671.67
00681.68
00691.69
00701.70
00711.71
00721.72
00731.73
00741.74
00751.75
00761.76
00771.77
00781.78
00791.79
00801.80
00811.81
00822.1
00832.2
00842.3
00852.4
00862.5
00872.6
00882.7
00892.8
00902.9
00912.10
00922.11
00932.12
00942.13
00952.14
00962.15
00972.16
00982.17
00992.18
01002.19
01012.20
01022.21
01032.22
01042.23
01052.24
01062.25
01072.26
01082.27
01092.28
01102.29
01112.30
01123.1
01133.2
01143.3
01153.4
01163.5
01173.6
01183.7
01193.8
01203.9
01213.10
01223.11
01233.12
01243.13
01253.14
01263.15
01273.16
01283.17
01293.18
01303.19
01313.20
01323.21
01333.22
01343.23
01353.24
01363.25
01374.1
01384.2
01394.3
01404.4
01414.5
01424.6
01434.7
01444.8
01454.9
01464.10
01474.11
01484.12
01494.13
01504.14
01514.15
01524.16
01534.17
01544.18
01554.19
01564.20
01574.21
01584.22
01594.23
01604.24
01614.25
01625.1
01635.2
01645.3
01655.4
01665.5
01675.6
01685.7
01695.8
01705.9
01715.10
01726.1
01736.2
01746.3
01756.4
01766.5
01776.6
01786.7
01796.8
01806.9
01816.10
01826.11
01836.12
01846.13
01856.14
01866.15
01877.1
01887.2
01897.3
01907.4
01917.5
01927.6
01937.7
01947.8
01957.9
01967.10
01977.11
01987.12
01997.13
02007.14
02017.15
02027.16
02037.17
02047.18
02057.19
02067.20
02077.21
02087.22
02098.1
02108.2
02118.3
02128.4
02138.5
02148.6
02158.7
02168.8
02178.9
02188.10
02198.11
02208.12
02219.1
02229.2
02239.3
02249.4
02259.5
02269.6
02279.7
02289.8
02299.9
02309.10
02319.11
02329.12
02339.13
02349.14
023510.1
023610.2
023710.3
023810.4
023910.5
024010.6
024110.7
024210.8
024310.9
024410.10
024510.11
024610.12
024711.1
024811.2
024911.3
025011.4
025111.5
025211.6
025311.7
025411.8
025511.9
025611.10
025711.11
025811.12
025911.13
026011.14
026111.15
026211.16
026311.17
026411.18
026511.19
026611.20
026711.21
026811.22
026911.23
027011.24
027111.25
027212.1
027312.2
027412.3
027512.4
027612.5
027712.6
027812.7
027912.8
028012.9
028112.10
028212.11
028312.12
028412.13
028512.14
028612.15
028712.16
028812.17
028912.18
029012.19
029112.20
029212.21
029312.22
029412.23
029512.24
029612.25
029712.26
029812.27
029912.28
030012.29
030112.30
030212.31
030312.32
030412.33
030512.34
030612.35
030712.36
030812.37
030912.38
031012.39
031112.40
031212.41
031312.42
031412.43
031512.44
031612.45
031712.46
031812.47
031912.48
032012.49
032112.50
032212.51
032312.52
032412.53
032512.54
032612.55
032712.56
032812.57
032912.58
033012.59
033112.60
033212.61
033312.62
033412.63
033512.64
033612.65
033712.66
033812.67
033912.68
034012.69
034112.70
034212.71
034312.72-81
034312.73
034312.74
034312.75
034312.76
034312.77
034312.78
034312.79
034312.80
034312.81
034412.82
034512.83-93
034512.84
034512.85
034512.86
034512.87
034512.88
034512.89
034512.90
034512.91
034512.92
034512.93
034613.1
034713.2
034813.3
034913.4
035013.5
035113.6
035213.7
035313.8
035413.9
035513.10
035613.11
035714.1
035814.2
035914.3
036014.4
036114.5
036214.6
036314.7
036414.8
036514.9
036614.10
036714.11
036814.12
036914.13
037014.14
037114.15
037214.16
037314.17
037414.18
037514.19
037614.20
037714.21
037814.22
037914.23
038014.24
038114.25
038214.26
038314.27
038414.28
038514.29
038614.30
038714.31
038814.32
038914.33
039014.34
039114.35
039214.36
039314.37
039414.38
039514.39
039615.1
039715.2
039815.3
039915.4
040015.5
040115.6
040215.7
040315.8
040415.9
040515.10
040615.11
040715.12
040815.13
040915.14
041015.15
041115.16
041215.17
041315.18
041415.19
041515.20
041616.1
041716.2
041816.3
041916.4
042016.5
042116.6
042216.7
042316.8
042416.9
042516.10
042616.11
042716.12
042816.13
042917.1
043017.2
043117.3
043217.4
043317.5
043417.6
043517.7
043617.8
043717.9
043817.10
043917.11
044017.12
044117.13-20
044117.14
044117.15
044117.16
044117.17
044117.18
044117.19
044117.20
044217.21
044317.22
044417.23
044517.24
044617.25
044717.26
044817.27
044917.28
045017.29
045117.30
045217.31
045317.32
045417.33
045517.34
045617.35
045717.36
045817.37
045917.38-43
045917.39
045917.40
045917.41
045917.42
045917.43
046018.1
046118.2
046218.3
046318.4
046418.5
046518.6
046618.7
046718.8
046818.9
046918.10
047018.11
047118.12-20
047118.13
047118.14
047118.15
047118.16
047118.17
047118.18
047118.19
047118.20
047218.21
047318.22
047419.1
047519.2
047619.3
047719.4
047819.5
047919.6
048019.7
048119.8
048219.9
048319.10
048419.11
048519.12
048619.13
048719.14
048819.15
048919.16
049019.17
049119.18
049219.19
049319.20
049419.21
049520.1
049620.2
049720.3
049820.4
049920.5
050020.6
050120.7
050220.8
050320.9
050420.10
050520.11
050620.12
050721.1
050821.2
050921.3
051021.4
051121.5
051221.6
051321.7
051421.8
051521.9
051621.10
051721.11
051821.12
051922.1
052022.2
052122.3
052222.4
052322.5
052422.6
052522.7
052622.8
052722.9
052822.10
052922.11
053022.12
053122.13
053222.14
053322.15
053422.16
053522.17
053622.18
053722.19
053822.20
053922.21
054022.22
054122.23
054222.24
054322.25
054422.26
054522.27
054622.28
054722.29
054822.30
054922.31
055022.32
055122.33
055222.34
055322.35
055422.36
055522.37
055622.38
055722.39
055822.40
055922.41
056022.42
056122.43
056222.44
056322.45
056422.46
056522.47
056622.48
056722.49
056822.50
056922.51
057022.52
057122.53
057222.54
057322.55
057422.56
057522.57
057622.58
057722.59
057822.60
057922.61
058022.62
058122.63
058222.64
058322.65
058422.66
058522.67
058622.68
058722.69
058822.70
058922.71
059022.72
059122.73
059222.74
059322.75
059422.76
059522.77
059622.78
059722.79
059822.80
059922.81
060022.82
060122.83
060222.84
060322.85
060422.86
060522.87
060622.88
060722.89
060822.90
060922.91
061022.92
061122.93
061222.94
061322.95
061422.96
061522.97
061622.98
061722.99
061822.100
061922.101
062022.102
062122.103
062222.104
062322.105
062422.106
062522.107
062622.108
062722.109
062822.110
062922.111
063022.112
063122.113
063222.114
063322.115
063422.116
063522.117
063622.118
063722.119
063822.120
063922.121
064022.122
064122.123
064222.124
064322.125
064422.126
064522.127
064622.128
064722.129
064822.130
064922.131
065022.132
065122.133
065222.134
065322.135
065422.136
065522.137
065622.138
065722.139
065822.140
065922.141
066022.142
066122.143
066222.144
066322.145
066422.146
066522.147
066622.148
066722.149
066822.150
066922.151
067022.152
067122.153
067222.154
067322.155
067422.156
067522.157
067622.158
067722.159
067823.1
067923.2
068023.3
068123.4
068223.5
068323.6
068423.7
068523.8
068623.9
068723.10
068823.11
068923.12
069023.13
069123.14
069223.15
069323.16
069423.17
069523.18
069623.19
069723.20
069823.21
069923.22
070023.23-33
070023.24
070023.25
070023.26
070023.27
070023.28
070023.29
070023.30
070023.31
070023.32
070023.33
070123.34
070223.35-45
070223.36
070223.37
070223.38
070223.39
070223.30
070223.41
070223.42
070223.43
070223.44
070223.45
070323.46
070424.1
070524.2
070624.3
070724.4
070824.5
070924.6
071024.7
071124.8
071224.9
071324.10
071424.11
071524.12
071624.13
071724.14
071824.15
071924.16
072024.17
072124.18
072224.19
072324.20-36
072324.21
072324.22
072324.23
072324.24
072324.25
072324.26
072324.27
072324.28
072324.29
072324.30
072324.31
072324.32
072324.33
072324.34
072324.35
072324.36
072424.37
072524.38
072624.39
072724.40
072824.41
072924.42
073024.43
073124.44
073224.45
073324.46-70
073324.47
073324.48
073324.49
073324.50
073324.51
073324.52
073324.53
073324.54
073324.55
073324.56
073324.57
073324.58
073324.59
073324.60
073324.61
073324.62
073324.63
073324.64
073324.65
073324.66
073324.67
073324.68
073324.69
073324.70
073424.71
073524.72-96
073524.73
073524.74
073524.75
073524.76
073524.77
073524.78
073524.79
073625.1
073725.2
073825.3
073925.4
074025.5
074125.6
074225.7
074325.8
074425.9
074525.10
074626.1
074726.2
074826.3
074926.4
075026.5
075126.6
075226.7
075326.8
075426.9
075526.10
075627.1
075727.2
075827.3
075927.4
076027.5
076127.6
076227.7
076327.8
076427.9
076527.10
076628.1
076728.2
076828.3
076928.4
077028.5
077128.6
077228.7
077328.8
077428.9
077528.10
077629.1
077729.2
077829.3
077929.4
078029.5
078129.6
078229.7
078329.8
078429.9
078529.10
078629.11-20
078629.12
078629.13
078629.14
078629.15
078629.16
078629.17
078629.18
078629.19
078629.20
078729.21-50
078729.22
078729.23
078729.24
078729.25
078729.26
078729.27
078729.28
078729.29
078830.1
078930.2
079030.3
079130.4-6
079130.5
079130.6
079230.7-16
079230.8
079230.9
079230.10
079230.11
079230.12
079230.13
079230.14
079230.15
079230.16
079330.17-46
079330.18
079330.19
079431.1
079531.2
079631.3
079731.4-12
079731.5
079731.6
079731.7
079731.8
079731.9
079731.10
079731.11
079731.12
079831.13-22
079831.14
079831.15
079831.16
079831.17
079831.18
079831.19
079831.20
079831.21
079831.22
079931.23-112
079931.24
079931.25
079931.26
079931.27
079931.28
079931.29
080032.1
080132.2
080232.3-12
080232.4
080232.5
080232.6
080232.7
080232.8
080232.9
080232.10
080232.11
080232.12
080332.13-52
080332.14
080332.15
080332.16
080332.17
080332.18
080332.19
080332.20
080332.21
080332.22
080332.23
080332.24
080332.25
080332.26
080332.27
080332.28
080332.29
080332.30
080332.31
080332.32
080332.33
080332.34
080332.35
080332.36
080332.37
080332.38
080332.39
080332.40
080332.41
080332.42
080332.43
080332.44
080332.45
080332.46
080332.47
080332.48
080332.49
080332.50
080332.51
080332.52
080432.53
080532.54
080632.55
080732.56
080832.57
080933.1
081033.2
081133.3
081233.4
081333.5
081433.6-10
081433.7
081433.8
081433.9
081433.10
081533.11-15
081533.12
081533.13
081533.14
081533.15
081633.16-20
081633.17
081633.18
081633.19
081633.20
081733.21-25
081733.22
081733.23
081733.24
081733.25
081833.26-30
081833.27
081833.28
081833.29
081833.30
081933.31-35
081933.32
081933.33
081933.34
081933.35
082033.36-40
082033.37
082033.38
082033.39
082033.40
082133.41-45
082133.42
082133.43
082133.44
082133.45
082233.46-50
082233.47
082233.48
082233.49
082233.50
082333.51-54
082333.52
082333.53
082333.54
082433.55
082534.1
082634.2
082734.3
082834.4
082934.5
083034.6
083134.7
083234.8
083334.9
083434.10
083534.11
083634.12
083734.13
083834.14
083934.15
084034.16
084134.17
084234.18
084334.19
084434.20-27
084434.21
084434.22
084434.23
084434.24
084434.25
084434.26
084434.27
084534.28-34
084534.29
084534.30
084534.31
084534.32
084534.33
084534.34
084634.35-40
084634.36
084634.37
084634.38
084634.39
084634.40
084734.41-45
084734.42
084734.43
084734.44
084734.45
084834.46-49
084834.47
084834.48
084834.49
084934.50-52
084934.51
084934.52
085034.53-54
085034.54
085134.55
085235.1
085335.2
085435.3
085535.4
085635.5
085735.6
085835.7
085935.8
086035.9
086135.10
086235.11
086335.12
086435.13
086535.14
086635.15
086735.16
086835.17
086935.18
087035.19
087135.20
087235.21
087335.22
087435.23
087535.24
087635.25
087735.26
087835.27
087935.28
088035.29
088135.30
088235.31
088335.32
088435.33-42
088435.34
088435.35
088435.36
088435.37
088435.38
088435.39
088435.40
088435.41
088435.42
088535.43-51
088535.44
088535.45
088535.46
088535.47
088535.48
088535.49
088535.50
088535.51
088635.52
088735.53
088835.54
088935.55
089035.56
089135.57
089235.58
089335.59
089435.60
089535.61
089635.62
089735.63
089835.64
089935.65
090035.66
090135.67
090235.68
090335.69
090435.70
090535.71
090635.72
090735.73
090835.74
090935.75
091035.76
091135.77
091235.78
091335.79
091435.80
091535.81
091635.82
091735.83
091835.84
091935.85
092035.86
092135.87
092235.88
092335.89
092435.90
092535.91
092635.92
092735.93
092835.94
092935.95
093035.96
093135.97
093235.98
093335.99
093435.100
093535.101
093635.102
093735.103
093835.104
093935.105
094035.106
094135.107
094235.108
094335.109
094435.110
094535.111
094635.112
094735.113
094835.114
094935.115
095035.116
095135.117
095235.118
095335.119
095435.120
095535.121
095635.122
095735.123
095835.124
095935.125
096035.126
096135.127
096235.128
096335.129
096435.130
096535.131
096635.132
096735.133
096835.134
096935.135
097035.136
097135.137
097235.138
097335.139
097435.140
097535.141
097635.142
097735.143
097835.144
097935.145
098035.146
098135.147
098235.148
098335.149
098435.150
098535.151
098635.152
098735.153
098835.154
098935.155
099035.156
099135.157
099235.158
099335.159
099435.160
099535.161
099635.162
099735.163
099835.164
099935.165
100035.166
100135.167
100235.168
100335.169
100435.170
100535.171-173
100535.172
100535.173
100635.174-176
100635.175
100635.176
100735.177-179
100735.178
100735.179
100835.180-182
100835.181
100835.182
100935.183-185
100935.184
100935.185
101035.186
101135.187
101235.188
101335.189-191
101335.190
101335.191
101435.192-194
101435.193
101435.194
101535.195-197
101535.196
101535.197
101635.198-200
101635.199
101635.200
101735.201-203
101735.202
101735.203
101835.204
101935.205
102035.206
102135.207-209
102135.208
102135.209
102235.210-212
102235.211
102235.212
102335.213-215
102335.214
102335.215
102435.216-218
102435.217
102435.218
102535.219-221
102635.220
102635.221
102635.222
102735.223
102835.224
102935.225
103035.226
103135.227
103235.228
103335.229
103435.230
103535.231
103635.232
103735.233
103835.234
103935.235
104035.236
104135.237
104235.238
104335.239
104435.240
104535.241
104635.242
104735.243
104835.244
104935.245
105035.246
105135.247
105235.248
105336.1
105436.2
105536.3
105636.4
105736.5
105836.6
105936.7
106036.8
106136.9
106236.10
106336.11
106436.12
106536.13
106636.14
106736.15
106836.16
106936.17
107036.18
107136.19
107236.20
107336.21
107436.22
107536.23
107636.24
107736.25
107836.26
107936.27
108036.28
108136.29
108236.30
108336.31
108437.1
108537.2
108637.3
108737.4
108837.5
108937.6
109037.7
109137.8
109237.9
109337.10
109437.11
109537.12
109637.13
109737.14
109837.15
109937.16
110037.17
110137.18
110237.19
110337.20
110437.21
110537.22
110637.23
110737.24
110837.25
110937.26
111037.27
111137.28
111237.29
111337.30
111437.31
111537.32
111637.33
111737.34
111838.1
111938.2
112038.3
112138.4
112238.5
112338.6
112438.7
112538.8
112638.9
112738.10
112838.11
112938.12
113038.13
113138.14
113238.15
113338.16
113439.1
113539.2
113640.1
113740.2
113840.3
113940.4
114040.5
114140.6
114240.7
114340.8
114440.9
114540.10
114640.11
114741.1
114841.2
114941.3
115041.4
115141.5
115241.6
115341.7
115441.8
115541.9
115641.10
115742.1
115842.2
115942.3
116042.4
116142.5
116242.6
116342.7
116442.8
116542.9
116642.10
116742.11
116842.12
116942.13
117043.1
117143.2
117243.3
117343.4
117443.5
117543.6
117643.7
117743.8
117843.9
117943.10
118043.11
118143.12
118243.13
118343.14-43
118343.15
118343.16
118343.17
118343.18
118343.19
118343.20
118343.21
118343.22
118343.23
118343.24
118343.25
118343.26
118343.27
118343.28
118343.29
118343.30
118343.31
118343.32
118343.33
118343.34
118343.35
118343.36
118343.37
118343.38
118343.39
118343.40
118343.41
118343.42
118343.43
118443.44
118544.1
118644.2
118744.3
118844.4
118944.5
119044.6
119144.7
119244.8
119344.9
119444.10
119544.11
119645.1
119745.2
119845.3
119945.4
120045.5
120145.6
120245.7
120345.8
120445.9
120545.10
120645.11
120745.12
120845.13
120945.14
121045.15
121145.16
121245.17
121345.18
121445.19
121545.20
121645.21
121745.22
121845.23
121945.24
122045.25
122145.26
122245.27
122345.28
122445.29
122545.30
122645.31
122745.32
122845.33
122945.34
123045.35
123145.36
123245.37
123345.38
123445.39
123545.40
123645.41
123745.42-47
123745.43
123745.44
123745.45
123745.46
123745.47
123845.48
123945.49
124045.50-54
124045.51
124045.52
124045.53
124045.54
124145.55
124245.56
124345.57-61
124345.58
124345.59
124345.60
124345.61
124445.62
124545.63
124645.64-68
124645.65
124645.66
124645.67
124645.68
124745.69
124845.70
124945.71-75
124945.72
124945.73
124945.74
124945.75
125045.76
125145.77
125245.78-82
125245.79
125245.80
125245.81
125245.82
125345.83
125445.84
125545.85-89
125545.86
125545.87
125545.88
125545.89
125645.90
125745.91
125845.92-95
125845.93
125845.94
125845.95
125945.96
126045.97
126145.98-102
126145.99
126145.100
126145.101
126145.102
126245.103
126345.104-108
126345.105
126345.106
126345.107
126345.108
126445.109
126545.110-114
126545.111
126545.112
126545.113
126545.114
126645.115
126745.116-120
126745.117
126745.118
126745.119
126745.120
126845.121
126945.122-126
126945.123
126945.124
126945.125
126945.126
127045.127
127145.128-132
127145.129
127145.130
127145.131
127145.132
127245.133
127345.134-138
127345.135
127345.136
127345.137
127345.138
127445.139
127545.140
127645.141-145
127645.142
127645.143
127645.144
127645.145
127745.146-148
127745.147
127745.148
127845.149
127945.150
128045.151
128145.152
128245.153
128345.154
128445.155
128545.156
128645.157
128745.158
128845.159
128945.160
129045.161
129145.162
129245.163
129345.164
129445.165
129545.166
129645.167
129745.168
129845.169
129945.170
130045.171
130145.172
130245.173
130345.174
130445.175
130545.176
130645.177
130745.178
130845.179
130945.180
131045.181
131146.1
131246.2
131346.3
131446.4
131546.5
131646.6
131746.7
131846.8
131946.9
132046.10
132146.11
132246.12
132346.13
132446.14
132546.15
132646.16
132746.17
132846.18
132946.19
133046.20
133146.21
133246.22
133346.23
133446.24
133546.25
133646.26
133746.27
133846.28
133946.29
134046.30
134146.31
134246.32
134346.33
134446.34
134546.35
134646.36
134746.37
134846.38
134946.39
135046.40
135146.41
135246.42
135346.43
135446.44
135546.45
135646.46
135746.47
135846.48
135946.49
136046.50
136146.51
136246.52
136346.53
136446.54
136546.55
136646.56
136746.57
136846.58
136946.59
137046.60
137146.61
137246.62
137346.63
137446.64
137546.65
137646.66
137746.67
137846.68
137946.69
138046.70
138146.71
138246.72
138346.73
138446.74
138546.75
138646.76
138746.77-88
138746.78
138746.79
138746.80
138746.81
138746.82
138746.83
138746.84
138746.85
138746.86
138746.87
138746.88
138846.89-98
138846.90
138846.91
138846.92
138846.93
138846.94
138846.95
138846.96
138846.97
138846.98
138946.99-110
138946.100
138946.101
138946.102
138946.103
138946.104
138946.105
138946.106
138946.107
138946.108
138946.109
138946.110
139046.111-120
139046.112
139046.113
139046.114
139046.115
139046.116
139046.117
139046.118
139046.119
139046.120
139146.121-129
139146.122
139146.123
139146.124
139146.125
139146.126
139146.127
139146.128
139146.129
139246.130
139346.131-142
139346.132
139346.133
139346.134
139346.135
139346.136
139346.137
139346.138
139346.139
139346.140
139346.141
139346.142
139446.143-152
139446.144
139446.145
139446.146
139446.147
139446.148
139446.149
139446.150
139446.151
139446.152
139546.153-164
139546.154
139546.155
139546.156
139546.157
139546.158
139546.159
139546.160
139546.161
139546.162
139546.163
139546.164
139646.165-174
139646.166
139646.167
139646.168
139646.169
139646.170
139646.171
139646.172
139646.173
139646.174
139746.175-184
139746.176
139746.177
139746.178
139746.179
139746.180
139746.181
139746.182
139746.183
139746.184
139847.1
139947.2
140047.3
140147.4
140247.5
140347.6
140447.7
140547.8
140647.9
140747.10
140847.11
140947.12
141047.13
141147.14
141247.15
141347.16
141447.17
141547.18
141647.19
141747.20
141847.21
141947.22
142047.23
142147.24
142247.25
142347.26
142447.27
142547.28
142647.29
142747.30
142847.31
142947.32
143047.33
143147.34
143247.35
143347.36
143447.37
143547.38
143647.39
143747.40
143847.41
143947.42
144047.43
144147.44
144247.45
144347.46
144447.47
144547.48
144647.49
144747.50
144847.51-62
144847.52
144847.53
144847.54
144847.55
144847.56
144847.57
144847.58
144847.59
144847.60
144847.61
144847.62
144947.63-72
144947.64
144947.65
144947.66
144947.67
144947.68
144947.69
144947.70
144947.71
144947.72
145047.73-84
145047.74
145047.75
145047.76
145047.77
145047.78
145047.79
145047.80
145047.81
145047.82
145047.83
145047.84
145147.85-94
145147.86
145147.87
145147.88
145147.89
145147.90
145147.91
145147.92
145147.93
145147.94
145247.95-104
145247.96
145247.97
145247.98
145247.99
145247.100
145247.101
145247.102
145247.103
145247.104
145348.1
145448.2
145548.3
145648.4
145748.5
145848.6
145948.7
146048.8
146148.9
146248.10
146348.11
146448.12
146548.13
146648.14
146748.15
146848.16
146948.17
147048.18
147148.19
147248.20
147348.21
147448.22
147548.23
147648.24
147748.25
147848.26
147948.27
148048.28
148148.29
148248.30
148348.31
148448.32
148548.33
148648.34
148748.35
148848.36
148948.37
149048.38
149148.39
149248.40
149348.41
149448.42
149548.43
149648.44
149748.45
149848.46
149948.47
150048.48
150148.49
150248.50
150348.51
150448.52
150548.53
150648.54
150748.55
150848.56
150948.57
151048.58
151148.59
151248.60
151348.61
151448.62
151548.63
151648.64
151748.65
151848.66
151948.67
152048.68
152148.69
152248.70
152348.71-82
152348.72
152348.73
152348.74
152348.75
152348.76
152348.77
152348.78
152348.79
152348.80
152348.81
152348.82
152448.83-114
152448.84
152448.85
152448.86
152448.87
152448.88
152448.89
152448.90
152448.91
152448.92
152448.93
152448.94
152448.95
152448.96
152448.97
152448.98
152448.99
152448.100
152448.101
152448.102
152448.103
152448.104
152448.105
152448.106
152448.107
152448.108
152448.109
152448.110
152448.111
152448.112
152448.113
152448.114
152548.115-124
152548.116
152548.117
152548.118
152548.119
152548.120
152548.121
152548.122
152548.123
152548.124
152648.125-136
152648.126
152648.127
152648.128
152648.129
152648.130
152648.131
152648.132
152648.133
152648.134
152648.135
152648.136
152748.137-168
152748.138
152748.139
152748.140
152748.141
152748.142
152748.143
152748.144
152748.145
152748.146
152748.147
152748.148
152748.149
152748.150
152748.151
152748.152
152748.153
152748.154
152748.155
152748.156
152748.157
152748.158
152748.159
152748.161
152748.162
152748.163
152748.164
152748.165
152748.166
152748.167
152748.168
152848.169-178
152848.170
152848.171
152848.172
152848.173
152848.174
152848.175
152848.176
152848.177
152848.178
152949.1-12
152949.2
152949.3
152949.4
152949.5
152949.6
152949.7
152949.8
152949.9
152949.10
152949.11
152949.12
153049.13-22
153049.14
153049.15
153049.16
153049.17
153049.18
153049.19
153049.20
153049.21
153049.22
153149.23-34
153149.24
153149.25
153149.26
153149.27
153149.28
153149.29
153149.30
153149.31
153149.32
153149.33
153149.34
153249.35-44
153249.36
153249.37
153249.38
153249.39
153249.40
153249.41
153249.42
153249.43
153249.44
153349.45-54
153349.46
153349.47
153349.48
153349.49
153349.50
153349.51
153349.52
153349.53
153349.54
153450.1-12
153450.2
153450.3
153450.4
153450.5
153450.6
153450.7
153450.8
153450.9
153450.10
153450.11
153450.12
153550.13-24
153550.14
153550.15
153550.16
153550.17
153550.18
153550.19
153550.20
153550.21
153550.22
153550.23
153550.24
153650.25-44
153650.26
153650.27
153650.28
153650.29
153650.30
153650.31
153650.32
153650.33
153650.34
153650.35
153650.36
153650.37
153650.38
153650.39
153650.40
153650.41
153650.42
153650.43
153650.44
153750.45-54
153750.46
153750.47
153750.48
153750.49
153750.50
153750.51
153750.52
153750.53
153750.54
153850.55-66
153850.56
153850.57
153850.58
153850.59
153850.60
153850.61
153850.62
153850.63
153850.64
153850.65
153850.66
153950.67-87
153950.68
153950.69
153950.70
153950.71
153950.72
153950.73
153950.74
153950.75
153950.76
153950.77
153950.78
153950.79
153950.80
153950.81
153950.82
153950.83
153950.84
153950.85
153950.86
153950.87
154050.88-98
154050.89
154050.90
154050.91
154050.92
154050.93
154050.94
154050.95
154050.96
154050.97
154050.98
154150.99-108
154150.100
154150.101
154150.102
154150.103
154150.104
154150.105
154150.106
154150.107
154150.108
154251.1
154351.2
154451.3
154551.4
154651.5
154751.6
154851.7
154951.8
155051.9
155151.10
155251.11
155351.12
155451.13
155551.14
155651.15
155751.16
155851.17
155951.18
156051.19
156151.20
156251.21
156351.22
156451.23
156551.24
156651.25
156751.26
156851.27
156951.28
157051.29
157151.30
157251.31
157351.32
157451.33
157451.34
157451.35
157451.36
157451.37
157451.38
157451.39
157451.40
157451.41
157451.42
157451.43
157451.44
157551.45
157551.46
157551.47
157551.48
157551.49
157551.50
157551.51
157551.52
157551.53
157551.54
157551.55
157551.56
157551.57
157551.58
157551.59
157551.60
157551.61
157551.62
157551.63
157551.64
157551.65
157551.66
157551.67
157551.68
157551.69
157551.70
157551.71
157551.72
157551.73
157551.74
157551.75
157551.76
157651.77
157651.78
157651.79
157651.80
157651.81
157651.82
157651.83
157651.84
157651.85
157651.86
157752.1
157852.2
157952.3
158052.4
158152.5
158252.6
158352.7
158452.8
158552.9
158652.10
158752.11
158852.12
158952.13
159052.14
159152.15
159252.16
159352.17
159452.18
159552.19
159652.20
159752.21
159852.22
159952.23
160052.24
160153.1
160153.2
160153.3
160153.4
160153.5
160153.6
160153.7
160153.8
160153.9
160153.10
160153.11
160153.12
160253.13
160253.14
160253.15
160253.16
160253.17
160253.18
160253.19
160253.20
160253.21
160253.22
160253.23
160253.24
160253.25
160253.26
160253.27
160253.28
160253.29
160253.30
160253.31
160253.32
160253.33
160253.34
160253.35
160253.36
160253.37
160253.38
160253.39
160253.40
160253.41
160253.42
160253.43
160253.44
160253.13-44
160253.13-44
160253.13-44
160253.13-44
160253.13-44
160253.13-44
160253.13-44
160353.45
160353.46
160353.47
160353.48
160353.49
160353.50
160353.51
160353.52
160353.53
160353.54
160454.1
160554.2
160654.3
160754.4
160854.5
160954.6
161054.7
161154.8
161254.9
161354.10
161454.11
161554.12
161654.13
161754.14
161854.15
161954.16
162054.17
162154.18
162254.19
162354.20
162455.1
162555.2
162655.3
162755.4
162855.5
162955.6
163055.7
163155.8
163255.9
163355.10
163455.11
163555.12
163655.13
163755.14
163855.15
163955.16
164055.17
164155.18
164255.19
164355.20
164455.21
164555.22
164655.23
164755.24
164855.25
164955.26
165055.27
165155.28
165255.29
165355.30
165455.31
165555.32
165655.33
165755.34
165855.35
165955.36
166055.37
166155.38
166255.39
166355.40
166455.41
166555.42
166655.43
166755.44
166855.45
166955.46
167055.47
167155.48
167255.49
167355.50
167455.51
167555.52
167655.53
167755.54
167855.55
167955.56
168055.57
168155.58
168255.59
168355.60
168455.61
168555.62
168655.63
168755.64
168855.65
168955.66
169055.67
169155.68
169255.69
169355.70
169455.71
169555.72
169655.73
169755.74
169856.1
169956.2
170056.3
170156.4
170256.5
170356.6
170456.7
170556.8
170656.9
170756.10
170856.11
170956.12
171056.13
171156.14
171256.15
171356.16
171456.17
171556.18
171656.19
171756.20
171856.21
171956.22
172056.23
172156.24
172256.25
172356.26
172456.27
172556.28
172656.29
172756.30
172856.31
172956.32
173056.33
173156.34
173256.35
173356.36
173456.37
173556.38
173656.39
173756.40
173856.41
173956.42
174056.43
174156.44
174256.45
174356.46
174456.47
174556.48
174656.49
174756.50
174856.51
174956.52
175056.53
175156.54
175256.55
175356.56
175456.57
175556.58
175656.59
175756.60
175856.61
175956.62
176056.63
176156.64
176256.65
176356.66
176456.67
176556.68
176656.69
176756.70
176856.71
176956.72
177056.73
177156.74
177256.75
177356.76
177456.77
177556.78
177656.79
177756.80
177856.81
177956.82
178056.83
178156.84
178256.85
178356.86
178456.87
178556.88
178656.89
178756.90
178856.91
178956.92
179056.93
179156.94
179256.95
179356.96
179356.97
179356.98
179356.99
179356.100
179356.101
179456.102
179556.103
179656.104
179756.105
179756.106
179756.107
179856.108
179856.109
179856.110
179956.111
179956.112
179956.113
180056.114
180056.115
180056.116
180156.117
180156.118
180156.119
180256.120
180256.121
180256.122
180356.123
180356.124
180356.125
180456.126
180456.127
180456.128
180556.129
180556.130
180656.131
